0 7985
1 7995
2 8005
3 8015
4 8025
5 8035
6 8045
7 8055
8 8065
9 8075
10 8085
11 8095
12 8105
13 8115
14 8125
15 8135
16 8145
17 8155
18 8165
19 8175
20 8185
21 8195
22 8205
23 8215
24 8225
25 8235
26 8245
27 8255
28 8265
29 8275
30 8285
31 8295
32 8305
33 8315
34 8325
35 8335
36 8345
37 8355
38 8365
39 8375
40 8385
41 8395
42 8405
43 8415
44 8425
45 8435
46 8445
47 8455
48 8465
49 8475
50 8485
51 8495
52 8505
53 8515
54 8525
55 8535
56 8545
57 8555
58 8565
59 8575
60 8585
61 8595
62 8605
63 8615
64 8625
65 8635
66 8645
67 8655
68 8665
69 8675
70 8685
71 8695
72 8705
73 8715
74 8725
75 8735
76 8745
77 8755
78 8765
79 8775
80 8785
81 8795
82 8805
83 8815
84 8825
85 8835
86 8845
87 8855
88 8865
89 8875
90 8885
91 8895
92 8905
93 8915
94 8925
95 8935
96 8945
97 8955
98 8965
99 8975
100 8985
101 8995
102 9005
103 9015
104 9025
105 9035
106 9045
107 9055
108 9065
109 9075
110 9085
111 9095
112 9105
113 9115
114 9125
115 9135
116 9145
117 9155
118 9165
119 9175
120 9185
121 9195
122 9205
123 9215
124 9225
125 9235
126 9245
127 9255
128 9265
129 9275
130 9285
131 9295
132 9305
133 9315
134 9325
135 9335
136 9345
137 9355
138 9365
139 9375
140 9385
141 9395
142 9405
143 9415
144 9425
145 9435
146 9445
147 9455
148 9465
149 9475
150 9485
151 9495
152 9505
153 9515
154 9525
155 9535
156 9545
157 9555
158 9565
159 9575
160 9585
161 9595
162 9605
163 9615
164 9625
165 9635
166 9645
167 9655
168 9665
169 9675
170 9685
171 9695
172 9705
173 9715
174 9725
175 9735
176 9745
177 9755
178 9765
179 9775
180 9785
181 9795
182 9805
183 9815
184 9825
185 9835
186 9845
187 9855
188 9865
189 9875
190 9885
191 9895
192 9905
193 9915
194 9925
195 9935
196 9945
197 9955
198 9965
199 9975
200 9985
201 9995
202 10005
203 10015
204 10025
205 10035
206 10045
207 10055
208 10065
209 10075
210 10085
211 10095
212 10105
213 10115
214 10125
215 10135
216 10145
217 10155
218 10165
219 10175
220 10185
221 10195
222 10205
223 10215
224 10225
225 10235
226 10245
227 10255
228 10265
229 10275
230 10285
231 10295
232 10305
233 10315
234 10325
235 10335
236 10345
237 10355
238 10365
239 10375
240 10385
241 10395
242 10405
243 10415
244 10425
245 10435
246 10445
247 10455
248 10465
249 10475
250 10485
251 10495
252 10505
253 10515
254 10525
255 10535
256 10545
257 10555
258 10565
259 10575
260 10585
261 10595
262 10605
263 10615
264 10625
265 10635
266 10645
267 10655
268 10665
269 10675
270 10685
271 10695
272 10705
273 10715
274 10725
275 10735
276 10745
277 10755
278 10765
279 10775
280 10785
281 10795
282 10805
283 10815
284 10825
285 10835
286 10845
287 10855
288 10865
289 10875
290 10885
291 10895
292 10905
293 10915
294 10925
295 10935
296 10945
297 10955
298 10965
299 10975
300 10985
301 10995
302 11005
303 11015
304 11025
305 11035
306 11045
307 11055
308 11065
309 11075
310 11085
311 11095
312 11105
313 11115
314 11125
315 11135
316 11145
317 11155
318 11165
319 11175
320 11185
321 11195
322 11205
323 11215
324 11225
325 11235
326 11245
327 11255
328 11265
329 11275
330 11285
331 11295
332 11305
333 11315
334 11325
335 11335
336 11345
337 11355
338 11365
339 11375
340 11385
341 11395
342 11405
343 11415
344 11425
345 11435
346 11445
347 11455
348 11465
349 11475
350 11485
351 11495
352 11505
353 11515
354 11525
355 11535
356 11545
357 11555
358 11565
359 11575
360 11585
361 11595
362 11605
363 11615
364 11625
365 11635
366 11645
367 11655
368 11665
369 11675
370 11685
371 11695
372 11705
373 11715
374 11725
375 11735
376 11745
377 11755
378 11765
379 11775
380 11785
381 11795
382 11805
383 11815
384 11825
385 11835
386 11845
387 11855
388 11865
389 11875
390 11885
391 11895
392 11905
393 11915
394 11925
395 11935
396 11945
397 11955
398 11965
399 11975
400 11985
401 11995
402 12005
403 12015
404 12025
405 12035
406 12045
407 12055
408 12065
409 12075
410 12085
411 12095
412 12105
413 12115
414 12125
415 12135
416 12145
417 12155
418 12165
419 12175
420 12185
421 12195
422 12205
423 12215
424 12225
425 12235
426 12245
427 12255
428 12265
429 12275
430 12285
431 12295
432 12305
433 12315
434 12325
435 12335
436 12345
437 12355
438 12365
439 12375
440 12385
441 12395
442 12405
443 12415
444 12425
445 12435
446 12445
447 12455
448 12465
449 12475
450 12485
451 12495
452 12505
453 12515
454 12525
455 12535
456 12545
457 12555
458 12565
459 12575
460 12585
461 12595
462 12605
463 12615
464 12625
465 12635
466 12645
467 12655
468 12665
469 12675
470 12685
471 12695
472 12705
473 12715
474 12725
475 12735
476 12745
477 12755
478 12765
479 12775
480 12785
481 12795
482 12805
483 12815
484 12825
485 12835
486 12845
487 12855
488 12865
489 12875
490 12885
491 12895
492 12905
493 12915
494 12925
495 12935
496 12945
497 12955
498 12965
499 12975
500 12985
501 12995
502 13005
503 13015
504 13025
505 13035
506 13045
507 13055
508 13065
509 13075
510 13085
511 13095
512 13105
513 13115
514 13125
515 13135
516 13145
517 13155
518 13165
519 13175
520 13185
521 13195
522 13205
523 13215
524 13225
525 13235
526 13245
527 13255
528 13265
529 13275
530 13285
531 13295
532 13305
533 13315
534 13325
535 13335
536 13345
537 13355
538 13365
539 13375
540 13385
541 13395
542 13405
543 13415
544 13425
545 13435
546 13445
547 13455
548 13465
549 13475
550 13485
551 13495
552 13505
553 13515
554 13525
555 13535
556 13545
557 13555
558 13565
559 13575
560 13585
561 13595
562 13605
563 13615
564 13625
565 13635
566 13645
567 13655
568 13665
569 13675
570 13685
571 13695
572 13705
573 13715
574 13725
575 13735
576 13745
577 13755
578 13765
579 13775
580 13785
581 13795
582 13805
583 13815
584 13825
585 13835
586 13845
587 13855
588 13865
589 13875
590 13885
591 13895
592 13905
593 13915
594 13925
595 13935
596 13945
597 13955
598 13965
599 13975
600 13985
601 13995
602 14005
603 14015
604 14025
605 14035
606 14045
607 14055
608 14065
609 14075
610 14085
611 14095
612 14105
613 14115
614 14125
615 14135
616 14145
617 14155
618 14165
619 14175
620 14185
621 14195
622 14205
623 14215
624 14225
625 14235
626 14245
627 14255
628 14265
629 14275
630 14285
631 14295
632 14305
633 14315
634 14325
635 14335
636 14345
637 14355
638 14365
639 14375
640 14385
641 14395
642 14405
643 14415
644 14425
645 14435
646 14445
647 14455
648 14465
649 14475
650 14485
651 14495
652 14505
653 14515
654 14525
655 14535
656 14545
657 14555
658 14565
659 14575
660 14585
661 14595
662 14605
663 14615
664 14625
665 14635
666 14645
667 14655
668 14665
669 14675
670 14685
671 14695
672 14705
673 14715
674 14725
675 14735
676 14745
677 14755
678 14765
679 14775
680 14785
681 14795
682 14805
683 14815
684 14825
685 14835
686 14845
687 14855
688 14865
689 14875
690 14885
691 14895
692 14905
693 14915
694 14925
695 14935
696 14945
697 14955
698 14965
699 14975
700 14985
701 14995
702 15005
703 15015
704 15025
705 15035
706 15045
707 15055
708 15065
709 15075
710 15085
711 15095
712 15105
713 15115
714 15125
715 15135
716 15145
717 15155
718 15165
719 15175
720 15185
721 15195
722 15205
723 15215
724 15225
725 15235
726 15245
727 15255
728 15265
729 15275
730 15285
731 15295
732 15305
733 15315
734 15325
735 15335
736 15345
737 15355
738 15365
739 15375
740 15385
741 15395
742 15405
743 15415
744 15425
745 15435
746 15445
747 15455
748 15465
749 15475
750 15485
751 15495
752 15505
753 15515
754 15525
755 15535
756 15545
757 15555
758 15565
759 15575
760 15585
761 15595
762 15605
763 15615
764 15625
765 15635
766 15645
767 15655
768 15665
769 15675
770 15685
771 15695
772 15705
773 15715
774 15725
775 15735
776 15745
777 15755
778 15765
779 15775
780 15785
781 15795
782 15805
783 15815
784 15825
785 15835
786 15845
787 15855
788 15865
789 15875
790 15885
791 15895
792 15905
793 15915
794 15925
795 15935
796 15945
797 15955
798 15965
799 15975
800 15985
801 15995
802 16005
803 16015
804 16025
805 16035
806 16045
807 16055
808 16065
809 16075
810 16085
811 16095
812 16105
813 16115
814 16125
815 16135
816 16145
817 16155
818 16165
819 16175
820 16185
821 16195
822 16205
823 16215
824 16225
825 16235
826 16245
827 16255
828 16265
829 16275
830 16285
831 16295
832 16305
833 16315
834 16325
835 16335
836 16345
837 16355
838 16365
839 16375
840 16385
841 16395
842 16405
843 16415
844 16425
845 16435
846 16445
847 16455
848 16465
849 16475
850 16485
851 16495
852 16505
853 16515
854 16525
855 16535
856 16545
857 16555
858 16565
859 16575
860 16585
861 16595
862 16605
863 16615
864 16625
865 16635
866 16645
867 16655
868 16665
869 16675
870 16685
871 16695
872 16705
873 16715
874 16725
875 16735
876 16745
877 16755
878 16765
879 16775
880 16785
881 16795
882 16805
883 16815
884 16825
885 16835
886 16845
887 16855
888 16865
889 16875
890 16885
891 16895
892 16905
893 16915
894 16925
895 16935
896 16945
897 16955
898 16965
899 16975
900 16985
901 16995
902 17005
903 17015
904 17025
905 17035
906 17045
907 17055
908 17065
909 17075
910 17085
911 17095
912 17105
913 17115
914 17125
915 17135
916 17145
917 17155
918 17165
919 17175
920 17185
921 17195
922 17205
923 17215
924 17225
925 17235
926 17245
927 17255
928 17265
929 17275
930 17285
931 17295
932 17305
933 17315
934 17325
935 17335
936 17345
937 17355
938 17365
939 17375
940 17385
941 17395
942 17405
943 17415
944 17425
945 17435
946 17445
947 17455
948 17465
949 17475
950 17485
951 17495
952 17505
953 17515
954 17525
955 17535
956 17545
957 17555
958 17565
959 17575
960 17585
961 17595
962 17605
963 17615
964 17625
965 17635
966 17645
967 17655
968 17665
969 17675
970 17685
971 17695
972 17705
973 17715
974 17725
975 17735
976 17745
977 17755
978 17765
979 17775
980 17785
981 17795
982 17805
983 17815
984 17825
985 17835
986 17845
987 17855
988 17865
989 17875
990 17885
991 17895
992 17905
993 17915
994 17925
995 17935
996 17945
997 17955
998 17965
999 17975
1000 17985
1001 17995
1002 18005
1003 18015
1004 18025
1005 18035
1006 18045
1007 18055
1008 18065
1009 18075
1010 18085
1011 18095
1012 18105
1013 18115
1014 18125
1015 18135
1016 18145
1017 18155
1018 18165
1019 18175
1020 18185
1021 18195
1022 18205
1023 18215
1024 18225
1025 18235
1026 18245
1027 18255
1028 18265
1029 18275
1030 18285
1031 18295
1032 18305
1033 18315
1034 18325
1035 18335
1036 18345
1037 18355
1038 18365
1039 18375
1040 18385
1041 18395
1042 18405
1043 18415
1044 18425
1045 18435
1046 18445
1047 18455
1048 18465
1049 18475
1050 18485
1051 18495
1052 18505
1053 18515
1054 18525
1055 18535
1056 18545
1057 18555
1058 18565
1059 18575
1060 18585
1061 18595
1062 18605
1063 18615
1064 18625
1065 18635
1066 18645
1067 18655
1068 18665
1069 18675
1070 18685
1071 18695
1072 18705
1073 18715
1074 18725
1075 18735
1076 18745
1077 18755
1078 18765
1079 18775
1080 18785
1081 18795
1082 18805
1083 18815
1084 18825
1085 18835
1086 18845
1087 18855
1088 18865
1089 18875
1090 18885
1091 18895
1092 18905
1093 18915
1094 18925
1095 18935
1096 18945
1097 18955
1098 18965
1099 18975
1100 18985
1101 18995
1102 19005
1103 19015
1104 19025
1105 19035
1106 19045
1107 19055
1108 19065
1109 19075
1110 19085
1111 19095
1112 19105
1113 19115
1114 19125
1115 19135
1116 19145
1117 19155
1118 19165
1119 19175
1120 19185
1121 19195
1122 19205
1123 19215
1124 19225
1125 19235
1126 19245
1127 19255
1128 19265
1129 19275
1130 19285
1131 19295
1132 19305
1133 19315
1134 19325
1135 19335
1136 19345
1137 19355
1138 19365
1139 19375
1140 19385
1141 19395
1142 19405
1143 19415
1144 19425
1145 19435
1146 19445
1147 19455
1148 19465
1149 19475
1150 19485
1151 19495
1152 19505
1153 19515
1154 19525
1155 19535
1156 19545
1157 19555
1158 19565
1159 19575
1160 19585
1161 19595
1162 19605
1163 19615
1164 19625
1165 19635
1166 19645
1167 19655
1168 19665
1169 19675
1170 19685
1171 19695
1172 19705
1173 19715
1174 19725
1175 19735
1176 19745
1177 19755
1178 19765
1179 19775
1180 19785
1181 19795
1182 19805
1183 19815
1184 19825
1185 19835
1186 19845
1187 19855
1188 19865
1189 19875
1190 19885
1191 19895
1192 19905
1193 19915
1194 19925
1195 19935
1196 19945
1197 19955
1198 19965
1199 19975
1200 19985
1201 19995
1202 20005
1203 20015
1204 20025
1205 20035
1206 20045
1207 20055
1208 20065
1209 20075
1210 20085
1211 20095
1212 20105
1213 20115
1214 20125
1215 20135
1216 20145
1217 20155
1218 20165
1219 20175
1220 20185
1221 20195
1222 20205
1223 20215
1224 20225
1225 20235
1226 20245
1227 20255
1228 20265
1229 20275
1230 20285
1231 20295
1232 20305
1233 20315
1234 20325
1235 20335
1236 20345
1237 20355
1238 20365
1239 20375
1240 20385
1241 20395
1242 20405
1243 20415
1244 20425
1245 20435
1246 20445
1247 20455
1248 20465
1249 20475
1250 20485
1251 20495
1252 20505
1253 20515
1254 20525
1255 20535
1256 20545
1257 20555
1258 20565
1259 20575
1260 20585
1261 20595
1262 20605
1263 20615
1264 20625
1265 20635
1266 20645
1267 20655
1268 20665
1269 20675
1270 20685
1271 20695
1272 20705
1273 20715
1274 20725
1275 20735
1276 20745
1277 20755
1278 20765
1279 20775
1280 20785
1281 20795
1282 20805
1283 20815
1284 20825
1285 20835
1286 20845
1287 20855
1288 20865
1289 20875
1290 20885
1291 20895
1292 20905
1293 20915
1294 20925
1295 20935
1296 20945
1297 20955
1298 20965
1299 20975
1300 20985
1301 20995
1302 21005
1303 21015
1304 21025
1305 21035
1306 21045
1307 21055
1308 21065
1309 21075
1310 21085
1311 21095
1312 21105
1313 21115
1314 21125
1315 21135
1316 21145
1317 21155
1318 21165
1319 21175
1320 21185
1321 21195
1322 21205
1323 21215
1324 21225
1325 21235
1326 21245
1327 21255
1328 21265
1329 21275
1330 21285
1331 21295
1332 21305
1333 21315
1334 21325
1335 21335
1336 21345
1337 21355
1338 21365
1339 21375
1340 21385
1341 21395
1342 21405
1343 21415
1344 21425
1345 21435
1346 21445
1347 21455
1348 21465
1349 21475
1350 21485
1351 21495
1352 21505
1353 21515
1354 21525
1355 21535
1356 21545
1357 21555
1358 21565
1359 21575
1360 21585
1361 21595
1362 21605
1363 21615
1364 21625
1365 21635
1366 21645
1367 21655
1368 21665
1369 21675
1370 21685
1371 21695
1372 21705
1373 21715
1374 21725
1375 21735
1376 21745
1377 21755
1378 21765
1379 21775
1380 21785
1381 21795
1382 21805
1383 21815
1384 21825
1385 21835
1386 21845
1387 21855
1388 21865
1389 21875
1390 21885
1391 21895
1392 21905
1393 21915
1394 21925
1395 21935
1396 21945
1397 21955
1398 21965
1399 21975
1400 21985
1401 21995
1402 22005
1403 22015
1404 22025
1405 22035
1406 22045
1407 22055
1408 22065
1409 22075
1410 22085
1411 22095
1412 22105
1413 22115
1414 22125
1415 22135
1416 22145
1417 22155
1418 22165
1419 22175
1420 22185
1421 22195
1422 22205
1423 22215
1424 22225
1425 22235
1426 22245
1427 22255
1428 22265
1429 22275
1430 22285
1431 22295
1432 22305
1433 22315
1434 22325
1435 22335
1436 22345
1437 22355
1438 22365
1439 22375
1440 22385
1441 22395
1442 22405
1443 22415
1444 22425
1445 22435
1446 22445
1447 22455
1448 22465
1449 22475
1450 22485
1451 22495
1452 22505
1453 22515
1454 22525
1455 22535
1456 22545
1457 22555
1458 22565
1459 22575
1460 22585
1461 22595
1462 22605
1463 22615
1464 22625
1465 22635
1466 22645
1467 22655
1468 22665
1469 22675
1470 22685
1471 22695
1472 22705
1473 22715
1474 22725
1475 22735
1476 22745
1477 22755
1478 22765
1479 22775
1480 22785
1481 22795
1482 22805
1483 22815
1484 22825
1485 22835
1486 22845
1487 22855
1488 22865
1489 22875
1490 22885
1491 22895
1492 22905
1493 22915
1494 22925
1495 22935
1496 22945
1497 22955
1498 22965
1499 22975
1500 22985
1501 22995
1502 23005
1503 23015
1504 23025
1505 23035
1506 23045
1507 23055
1508 23065
1509 23075
1510 23085
1511 23095
1512 23105
1513 23115
1514 23125
1515 23135
1516 23145
1517 23155
1518 23165
1519 23175
1520 23185
1521 23195
1522 23205
1523 23215
1524 23225
1525 23235
1526 23245
1527 23255
1528 23265
1529 23275
1530 23285
1531 23295
1532 23305
1533 23315
1534 23325
1535 23335
1536 23345
1537 23355
1538 23365
1539 23375
1540 23385
1541 23395
1542 23405
1543 23415
1544 23425
1545 23435
1546 23445
1547 23455
1548 23465
1549 23475
1550 23485
1551 23495
1552 23505
1553 23515
1554 23525
1555 23535
1556 23545
1557 23555
1558 23565
1559 23575
1560 23585
1561 23595
1562 23605
1563 23615
1564 23625
1565 23635
1566 23645
1567 23655
1568 23665
1569 23675
1570 23685
1571 23695
1572 23705
1573 23715
1574 23725
1575 23735
1576 23745
1577 23755
1578 23765
1579 23775
1580 23785
1581 23795
1582 23805
1583 23815
1584 23825
1585 23835
1586 23845
1587 23855
1588 23865
1589 23875
1590 23885
1591 23895
1592 23905
1593 23915
1594 23925
1595 23935
1596 23945
1597 23955
1598 23965
1599 23975
1600 23985
1601 23995
1602 24005
1603 24015
1604 24025
1605 24035
1606 24045
1607 24055
1608 24065
1609 24075
1610 24085
1611 24095
1612 24105
1613 24115
1614 24125
1615 24135
1616 24145
1617 24155
1618 24165
1619 24175
1620 24185
1621 24195
1622 24205
1623 24215
1624 24225
1625 24235
1626 24245
1627 24255
1628 24265
1629 24275
1630 24285
1631 24295
1632 24305
1633 24315
1634 24325
1635 24335
1636 24345
1637 24355
1638 24365
1639 24375
1640 24385
1641 24395
1642 24405
1643 24415
1644 24425
1645 24435
1646 24445
1647 24455
1648 24465
1649 24475
1650 24485
1651 24495
1652 24505
1653 24515
1654 24525
1655 24535
1656 24545
1657 24555
1658 24565
1659 24575
1660 24585
1661 24595
1662 24605
1663 24615
1664 24625
1665 24635
1666 24645
1667 24655
1668 24665
1669 24675
1670 24685
1671 24695
1672 24705
1673 24715
1674 24725
1675 24735
1676 24745
1677 24755
1678 24765
1679 24775
1680 24785
1681 24795
1682 24805
1683 24815
1684 24825
1685 24835
1686 24845
1687 24855
1688 24865
1689 24875
1690 24885
1691 24895
1692 24905
1693 24915
1694 24925
1695 24935
1696 24945
1697 24955
1698 24965
1699 24975
1700 24985
1701 24995
1702 25005
1703 25015
1704 25025
1705 25035
1706 25045
1707 25055
1708 25065
1709 25075
1710 25085
1711 25095
1712 25105
1713 25115
1714 25125
1715 25135
1716 25145
1717 25155
1718 25165
1719 25175
1720 25185
1721 25195
1722 25205
1723 25215
1724 25225
1725 25235
1726 25245
1727 25255
1728 25265
1729 25275
1730 25285
1731 25295
1732 25305
1733 25315
1734 25325
1735 25335
1736 25345
1737 25355
1738 25365
1739 25375
1740 25385
1741 25395
1742 25405
1743 25415
1744 25425
1745 25435
1746 25445
1747 25455
1748 25465
1749 25475
1750 25485
1751 25495
1752 25505
1753 25515
1754 25525
1755 25535
1756 25545
1757 25555
1758 25565
1759 25575
1760 25585
1761 25595
1762 25605
1763 25615
1764 25625
1765 25635
1766 25645
1767 25655
1768 25665
1769 25675
1770 25685
1771 25695
1772 25705
1773 25715
1774 25725
1775 25735
1776 25745
1777 25755
1778 25765
1779 25775
1780 25785
1781 25795
1782 25805
1783 25815
1784 25825
1785 25835
1786 25845
1787 25855
1788 25865
1789 25875
1790 25885
1791 25895
1792 25905
1793 25915
1794 25925
1795 25935
1796 25945
1797 25955
1798 25965
1799 25975
1800 25985
1801 25995
1802 26005
1803 26015
1804 26025
1805 26035
1806 26045
1807 26055
1808 26065
1809 26075
1810 26085
1811 26095
1812 26105
1813 26115
1814 26125
1815 26135
1816 26145
1817 26155
1818 26165
1819 26175
1820 26185
1821 26195
1822 26205
1823 26215
1824 26225
1825 26235
1826 26245
1827 26255
1828 26265
1829 26275
1830 26285
1831 26295
1832 26305
1833 26315
1834 26325
1835 26335
1836 26345
1837 26355
1838 26365
1839 26375
1840 26385
1841 26395
1842 26405
1843 26415
1844 26425
1845 26435
1846 26445
1847 26455
1848 26465
1849 26475
1850 26485
1851 26495
1852 26505
1853 26515
1854 26525
1855 26535
1856 26545
1857 26555
1858 26565
1859 26575
1860 26585
1861 26595
1862 26605
1863 26615
1864 26625
1865 26635
1866 26645
1867 26655
1868 26665
1869 26675
1870 26685
1871 26695
1872 26705
1873 26715
1874 26725
1875 26735
1876 26745
1877 26755
1878 26765
1879 26775
1880 26785
1881 26795
1882 26805
1883 26815
1884 26825
1885 26835
1886 26845
1887 26855
1888 26865
1889 26875
1890 26885
1891 26895
1892 26905
1893 26915
1894 26925
1895 26935
1896 26945
1897 26955
1898 26965
1899 26975
1900 26985
1901 26995
1902 27005
1903 27015
1904 27025
1905 27035
1906 27045
1907 27055
1908 27065
1909 27075
1910 27085
1911 27095
1912 27105
1913 27115
1914 27125
1915 27135
1916 27145
1917 27155
1918 27165
1919 27175
1920 27185
1921 27195
1922 27205
1923 27215
1924 27225
1925 27235
1926 27245
1927 27255
1928 27265
1929 27275
1930 27285
1931 27295
1932 27305
1933 27315
1934 27325
1935 27335
1936 27345
1937 27355
1938 27365
1939 27375
1940 27385
1941 27395
1942 27405
1943 27415
1944 27425
1945 27435
1946 27445
1947 27455
1948 27465
1949 27475
1950 27485
1951 27495
1952 27505
1953 27515
1954 27525
1955 27535
1956 27545
1957 27555
1958 27565
1959 27575
1960 27585
1961 27595
1962 27605
1963 27615
1964 27625
1965 27635
1966 27645
1967 27655
1968 27665
1969 27675
1970 27685
1971 27695
1972 27705
1973 27715
1974 27725
1975 27735
1976 27745
1977 27755
1978 27765
1979 27775
1980 27785
1981 27795
1982 27805
1983 27815
1984 27825
1985 27835
1986 27845
1987 27855
1988 27865
1989 27875
1990 27885
1991 27895
1992 27905
1993 27915
1994 27925
1995 27935
1996 27945
1997 27955
1998 27965
1999 27975
2000 27985
2001 27995
2002 28005
2003 28015
2004 28025
2005 28035
2006 28045
2007 28055
2008 28065
2009 28075
2010 28085
2011 28095
2012 28105
2013 28115
2014 28125
2015 28135
2016 28145
2017 28155
2018 28165
2019 28175
2020 28185
2021 28195
2022 28205
2023 28215
2024 28225
2025 28235
2026 28245
2027 28255
2028 28265
2029 28275
2030 28285
2031 28295
2032 28305
2033 28315
2034 28325
2035 28335
2036 28345
2037 28355
2038 28365
2039 28375
2040 28385
2041 28395
2042 28405
2043 28415
2044 28425
2045 28435
2046 28445
2047 28455
2048 28465
2049 28475
2050 28485
2051 28495
2052 28505
2053 28515
2054 28525
2055 28535
2056 28545
2057 28555
2058 28565
2059 28575
2060 28585
2061 28595
2062 28605
2063 28615
2064 28625
2065 28635
2066 28645
2067 28655
2068 28665
2069 28675
2070 28685
2071 28695
2072 28705
2073 28715
2074 28725
2075 28735
2076 28745
2077 28755
2078 28765
2079 28775
2080 28785
2081 28795
2082 28805
2083 28815
2084 28825
2085 28835
2086 28845
2087 28855
2088 28865
2089 28875
2090 28885
2091 28895
2092 28905
2093 28915
2094 28925
2095 28935
2096 28945
2097 28955
2098 28965
2099 28975
2100 28985
2101 28995
2102 29005
2103 29015
2104 29025
2105 29035
2106 29045
2107 29055
2108 29065
2109 29075
2110 29085
2111 29095
2112 29105
2113 29115
2114 29125
2115 29135
2116 29145
2117 29155
2118 29165
2119 29175
2120 29185
2121 29195
2122 29205
2123 29215
2124 29225
2125 29235
2126 29245
2127 29255
2128 29265
2129 29275
2130 29285
2131 29295
2132 29305
2133 29315
2134 29325
2135 29335
2136 29345
2137 29355
2138 29365
2139 29375
2140 29385
2141 29395
2142 29405
2143 29415
2144 29425
2145 29435
2146 29445
2147 29455
2148 29465
2149 29475
2150 29485
2151 29495
2152 29505
2153 29515
2154 29525
2155 29535
2156 29545
2157 29555
2158 29565
2159 29575
2160 29585
2161 29595
2162 29605
2163 29615
2164 29625
2165 29635
2166 29645
2167 29655
2168 29665
2169 29675
2170 29685
2171 29695
2172 29705
2173 29715
2174 29725
2175 29735
2176 29745
2177 29755
2178 29765
2179 29775
2180 29785
2181 29795
2182 29805
2183 29815
2184 29825
2185 29835
2186 29845
2187 29855
2188 29865
2189 29875
2190 29885
2191 29895
2192 29905
2193 29915
2194 29925
2195 29935
2196 29945
2197 29955
2198 29965
2199 29975
2200 29985
2201 29995
2202 30005
2203 30015
2204 30025
2205 30035
2206 30045
2207 30055
2208 30065
2209 30075
2210 30085
2211 30095
2212 30105
2213 30115
2214 30125
2215 30135
2216 30145
2217 30155
2218 30165
2219 30175
2220 30185
2221 30195
2222 30205
2223 30215
2224 30225
2225 30235
2226 30245
2227 30255
2228 30265
2229 30275
2230 30285
2231 30295
2232 30305
2233 30315
2234 30325
2235 30335
2236 30345
2237 30355
2238 30365
2239 30375
2240 30385
2241 30395
2242 30405
2243 30415
2244 30425
2245 30435
2246 30445
2247 30455
2248 30465
2249 30475
2250 30485
2251 30495
2252 30505
2253 30515
2254 30525
2255 30535
2256 30545
2257 30555
2258 30565
2259 30575
2260 30585
2261 30595
2262 30605
2263 30615
2264 30625
2265 30635
2266 30645
2267 30655
2268 30665
2269 30675
2270 30685
2271 30695
2272 30705
2273 30715
2274 30725
2275 30735
2276 30745
2277 30755
2278 30765
2279 30775
2280 30785
2281 30795
2282 30805
2283 30815
2284 30825
2285 30835
2286 30845
2287 30855
2288 30865
2289 30875
2290 30885
2291 30895
2292 30905
2293 30915
2294 30925
2295 30935
2296 30945
2297 30955
2298 30965
2299 30975
2300 30985
2301 30995
2302 31005
2303 31015
2304 31025
2305 31035
2306 31045
2307 31055
2308 31065
2309 31075
2310 31085
2311 31095
2312 31105
2313 31115
2314 31125
2315 31135
2316 31145
2317 31155
2318 31165
2319 31175
2320 31185
2321 31195
2322 31205
2323 31215
2324 31225
2325 31235
2326 31245
2327 31255
2328 31265
2329 31275
2330 31285
2331 31295
2332 31305
2333 31315
2334 31325
2335 31335
2336 31345
2337 31355
2338 31365
2339 31375
2340 31385
2341 31395
2342 31405
2343 31415
2344 31425
2345 31435
2346 31445
2347 31455
2348 31465
2349 31475
2350 31485
2351 31495
2352 31505
2353 31515
2354 31525
2355 31535
2356 31545
2357 31555
2358 31565
2359 31575
2360 31585
2361 31595
2362 31605
2363 31615
2364 31625
2365 31635
2366 31645
2367 31655
2368 31665
2369 31675
2370 31685
2371 31695
2372 31705
2373 31715
2374 31725
2375 31735
2376 31745
2377 31755
2378 31765
2379 31775
2380 31785
2381 31795
2382 31805
2383 31815
2384 31825
2385 31835
2386 31845
2387 31855
2388 31865
2389 31875
2390 31885
2391 31895
2392 31905
2393 31915
2394 31925
2395 31935
2396 31945
2397 31955
2398 31965
2399 31975
2400 31985
2401 31995
2402 32005
2403 32015
2404 32025
2405 32035
2406 32045
2407 32055
2408 32065
2409 32075
2410 32085
2411 32095
2412 32105
2413 32115
2414 32125
2415 32135
2416 32145
2417 32155
2418 32165
2419 32175
2420 32185
2421 32195
2422 32205
2423 32215
2424 32225
2425 32235
2426 32245
2427 32255
2428 32265
2429 32275
2430 32285
2431 32295
2432 32305
2433 32315
2434 32325
2435 32335
2436 32345
2437 32355
2438 32365
2439 32375
2440 32385
2441 32395
2442 32405
2443 32415
2444 32425
2445 32435
2446 32445
2447 32455
2448 32465
2449 32475
2450 32485
2451 32495
2452 32505
2453 32515
2454 32525
2455 32535
2456 32545
2457 32555
2458 32565
2459 32575
2460 32585
2461 32595
2462 32605
2463 32615
2464 32625
2465 32635
2466 32645
2467 32655
2468 32665
2469 32675
2470 32685
2471 32695
2472 32705
2473 32715
2474 32725
2475 32735
2476 32745
2477 32755
2478 32765
2479 32775
2480 32785
2481 32795
2482 32805
2483 32815
2484 32825
2485 32835
2486 32845
2487 32855
2488 32865
2489 32875
2490 32885
2491 32895
2492 32905
2493 32915
2494 32925
2495 32935
2496 32945
2497 32955
2498 32965
2499 32975
2500 32985
2501 32995
2502 33005
2503 33015
2504 33025
2505 33035
2506 33045
2507 33055
2508 33065
2509 33075
2510 33085
2511 33095
2512 33105
2513 33115
2514 33125
2515 33135
2516 33145
2517 33155
2518 33165
2519 33175
2520 33185
2521 33195
2522 33205
2523 33215
2524 33225
2525 33235
2526 33245
2527 33255
2528 33265
2529 33275
2530 33285
2531 33295
2532 33305
2533 33315
2534 33325
2535 33335
2536 33345
2537 33355
2538 33365
2539 33375
2540 33385
2541 33395
2542 33405
2543 33415
2544 33425
2545 33435
2546 33445
2547 33455
2548 33465
2549 33475
2550 33485
2551 33495
2552 33505
2553 33515
2554 33525
2555 33535
2556 33545
2557 33555
2558 33565
2559 33575
2560 33585
2561 33595
2562 33605
2563 33615
2564 33625
2565 33635
2566 33645
2567 33655
2568 33665
2569 33675
2570 33685
2571 33695
2572 33705
2573 33715
2574 33725
2575 33735
2576 33745
2577 33755
2578 33765
2579 33775
2580 33785
2581 33795
2582 33805
2583 33815
2584 33825
2585 33835
2586 33845
2587 33855
2588 33865
2589 33875
2590 33885
2591 33895
2592 33905
2593 33915
2594 33925
2595 33935
2596 33945
2597 33955
2598 33965
2599 33975
2600 33985
2601 33995
2602 34005
2603 34015
2604 34025
2605 34035
2606 34045
2607 34055
2608 34065
2609 34075
2610 34085
2611 34095
2612 34105
2613 34115
2614 34125
2615 34135
2616 34145
2617 34155
2618 34165
2619 34175
2620 34185
2621 34195
2622 34205
2623 34215
2624 34225
2625 34235
2626 34245
2627 34255
2628 34265
2629 34275
2630 34285
2631 34295
2632 34305
2633 34315
2634 34325
2635 34335
2636 34345
2637 34355
2638 34365
2639 34375
2640 34385
2641 34395
2642 34405
2643 34415
2644 34425
2645 34435
2646 34445
2647 34455
2648 34465
2649 34475
2650 34485
2651 34495
2652 34505
2653 34515
2654 34525
2655 34535
2656 34545
2657 34555
2658 34565
2659 34575
2660 34585
2661 34595
2662 34605
2663 34615
2664 34625
2665 34635
2666 34645
2667 34655
2668 34665
2669 34675
2670 34685
2671 34695
2672 34705
2673 34715
2674 34725
2675 34735
2676 34745
2677 34755
2678 34765
2679 34775
2680 34785
2681 34795
2682 34805
2683 34815
2684 34825
2685 34835
2686 34845
2687 34855
2688 34865
2689 34875
2690 34885
2691 34895
2692 34905
2693 34915
2694 34925
2695 34935
2696 34945
2697 34955
2698 34965
2699 34975
2700 34985
2701 34995
2702 35005
2703 35015
2704 35025
2705 35035
2706 35045
2707 35055
2708 35065
2709 35075
2710 35085
2711 35095
2712 35105
2713 35115
2714 35125
2715 35135
2716 35145
2717 35155
2718 35165
2719 35175
2720 35185
2721 35195
2722 35205
2723 35215
2724 35225
2725 35235
2726 35245
2727 35255
2728 35265
2729 35275
2730 35285
2731 35295
2732 35305
2733 35315
2734 35325
2735 35335
2736 35345
2737 35355
2738 35365
2739 35375
2740 35385
2741 35395
2742 35405
2743 35415
2744 35425
2745 35435
2746 35445
2747 35455
2748 35465
2749 35475
2750 35485
2751 35495
2752 35505
2753 35515
2754 35525
2755 35535
2756 35545
2757 35555
2758 35565
2759 35575
2760 35585
2761 35595
2762 35605
2763 35615
2764 35625
2765 35635
2766 35645
2767 35655
2768 35665
2769 35675
2770 35685
2771 35695
2772 35705
2773 35715
2774 35725
2775 35735
2776 35745
2777 35755
2778 35765
2779 35775
2780 35785
2781 35795
2782 35805
2783 35815
2784 35825
2785 35835
2786 35845
2787 35855
2788 35865
2789 35875
2790 35885
2791 35895
2792 35905
2793 35915
2794 35925
2795 35935
2796 35945
2797 35955
2798 35965
2799 35975
2800 35985
2801 35995
2802 36005
2803 36015
2804 36025
2805 36035
2806 36045
2807 36055
2808 36065
2809 36075
2810 36085
2811 36095
2812 36105
2813 36115
2814 36125
2815 36135
2816 36145
2817 36155
2818 36165
2819 36175
2820 36185
2821 36195
2822 36205
2823 36215
2824 36225
2825 36235
2826 36245
2827 36255
2828 36265
2829 36275
2830 36285
2831 36295
2832 36305
2833 36315
2834 36325
2835 36335
2836 36345
2837 36355
2838 36365
2839 36375
2862 7986
2863 7994
2864 8006
2865 8016
2866 8026
2867 8036
2868 8046
2869 8054
2870 8066
2871 8076
2872 8086
2873 8094
2874 8106
2875 8116
2876 8126
2877 8136
2878 8146
2879 8154
2880 8166
2881 8176
2882 8186
2883 8194
2884 8206
2885 8216
2886 8226
2887 8236
2888 8246
2889 8254
2890 8266
2891 8276
2892 8286
2893 8294
2894 8306
2895 8316
2896 8326
2897 8336
2898 8346
2899 8354
2900 8366
2901 8376
2902 8386
2903 8394
2904 8406
2905 8416
2906 8426
2907 8436
2908 8446
2909 8454
2910 8466
2911 8476
2912 8486
2913 8494
2914 8506
2915 8516
2916 8526
2917 8536
2918 8546
2919 8554
2920 8566
2921 7984
2922 7996
2923 8004
2924 8014
2925 8024
2926 8034
2927 8044
2928 8056
2929 8064
2930 8074
2931 8084
2932 8096
2933 8104
2934 8114
2935 8124
2936 8134
2937 8144
2938 8156
2939 8164
2940 8174
2941 8184
2942 8196
2943 8204
2944 8214
2945 8224
2946 8234
2947 8244
2948 8256
2949 8264
2950 8274
2951 8284
2952 8296
2953 8304
2954 8314
2955 8324
2956 8334
2957 8344
2958 8356
2959 8364
2960 8374
2961 8384
2962 8396
2963 8404
2964 8414
2965 8424
2966 8434
2967 8444
2968 8456
2969 8464
2970 8474
2971 8484
2972 8496
2973 8504
2974 8514
2975 8524
2976 8534
2977 8544
2978 8556
2979 8564
2980 8576
2981 8586
2982 8594
2983 8606
2984 8616
2985 8626
2986 8636
2987 8646
2988 8654
2989 8666
2990 8676
2991 8686
2992 8694
2993 8706
2994 8716
2995 8726
2996 8736
2997 8746
2998 8754
2999 8766
3000 8776
3001 8786
3002 8794
3003 8806
3004 8816
3005 8826
3006 8836
3007 8846
3008 8854
3009 8866
3010 8876
3011 8886
3012 8894
3013 8906
3014 8916
3015 8926
3016 8936
3017 8946
3018 8954
3019 8966
3020 8976
3021 8986
3022 8994
3023 9006
3024 9016
3025 9026
3026 9036
3027 9046
3028 9054
3029 9066
3030 9076
3031 9086
3032 9094
3033 9106
3034 9116
3035 9126
3036 9136
3037 9146
3038 9154
3039 9166
3040 9176
3041 9186
3042 9194
3043 9206
3044 9216
3045 9226
3046 9236
3047 9246
3048 9254
3049 9266
3050 9276
3051 9286
3052 9294
3053 9306
3054 9316
3055 9326
3056 9336
3057 9346
3058 9354
3059 9366
3060 9376
3061 9386
3062 9394
3063 9406
3064 9416
3065 9426
3066 9436
3067 9446
3068 9454
3069 9466
3070 9476
3071 9486
3072 9494
3073 9506
3074 9516
3075 9526
3076 9536
3077 9546
3078 9554
3079 9566
3080 9576
3081 9586
3082 9594
3083 9606
3084 9616
3085 9626
3086 9636
3087 9646
3088 9654
3089 9666
3090 9676
3091 9686
3092 9694
3093 9706
3094 9716
3095 9726
3096 9736
3097 9746
3098 9754
3099 9766
3100 9776
3101 9786
3102 9794
3103 9806
3104 9816
3105 9826
3106 9836
3107 9846
3108 9854
3109 9866
3110 9876
3111 9886
3112 9894
3113 9906
3114 9916
3115 9926
3116 9936
3117 9946
3118 9954
3119 7987
3120 7993
3121 8007
3122 8017
3123 8027
3124 8033
3125 8047
3126 8053
3127 8067
3128 8073
3129 8087
3130 8093
3131 8107
3132 8117
3133 8127
3134 8133
3135 8147
3136 8153
3137 8167
3138 8173
3139 8187
3140 8193
3141 8207
3142 8217
3143 8227
3144 8233
3145 8247
3146 8253
3147 8267
3148 8273
3149 8287
3150 8293
3151 8307
3152 8317
3153 8327
3154 8333
3155 8347
3156 8353
3157 8367
3158 8373
3159 8387
3160 8393
3161 8407
3162 8417
3163 8427
3164 8433
3165 8447
3166 8453
3167 8467
3168 8473
3169 8487
3170 8493
3171 8507
3172 8517
3173 8527
3174 8533
3175 8547
3176 8553
3177 8567
3178 8574
3179 8584
3180 8596
3181 8604
3182 8614
3183 8624
3184 8634
3185 8644
3186 8656
3187 8664
3188 8674
3189 8684
3190 8696
3191 8704
3192 8714
3193 8724
3194 8734
3195 8744
3196 8756
3197 8764
3198 8774
3199 8784
3200 8796
3201 8804
3202 8814
3203 8824
3204 8834
3205 8844
3206 8856
3207 8864
3208 8874
3209 8884
3210 8896
3211 8904
3212 8914
3213 8924
3214 8934
3215 8944
3216 8956
3217 8964
3218 8974
3219 8984
3220 8996
3221 9004
3222 9014
3223 9024
3224 9034
3225 9044
3226 9056
3227 9064
3228 9074
3229 9084
3230 9096
3231 9104
3232 9114
3233 9124
3234 9134
3235 9144
3236 9156
3237 9164
3238 9174
3239 9184
3240 9196
3241 9204
3242 9214
3243 9224
3244 9234
3245 9244
3246 9256
3247 9264
3248 9274
3249 9284
3250 9296
3251 9304
3252 9314
3253 9324
3254 9334
3255 9344
3256 9356
3257 9364
3258 9374
3259 9384
3260 9396
3261 9404
3262 9414
3263 9424
3264 9434
3265 9444
3266 9456
3267 9464
3268 9474
3269 9484
3270 9496
3271 9504
3272 9514
3273 9524
3274 9534
3275 9544
3276 9556
3277 9564
3278 9574
3279 9584
3280 9596
3281 9604
3282 9614
3283 9624
3284 9634
3285 9644
3286 9656
3287 9664
3288 9674
3289 9684
3290 9696
3291 9704
3292 9714
3293 9724
3294 9734
3295 9744
3296 9756
3297 9764
3298 9774
3299 9784
3300 9796
3301 9804
3302 9814
3303 9824
3304 9834
3305 9844
3306 9856
3307 9864
3308 9874
3309 9884
3310 9896
3311 9904
3312 9914
3313 9924
3314 9934
3315 9944
3316 9956
3317 9966
3318 9976
3319 9986
3320 9994
3321 10006
3322 10016
3323 10026
3324 10036
3325 10046
3326 10054
3327 10066
3328 10076
3329 10086
3330 10094
3331 10106
3332 10116
3333 10126
3334 10136
3335 10146
3336 10154
3337 10166
3338 10176
3339 10186
3340 10194
3341 10206
3342 10216
3343 10226
3344 10236
3345 10246
3346 10254
3347 10266
3348 10276
3349 10286
3350 10294
3351 10306
3352 10316
3353 10326
3354 10336
3355 10346
3356 10354
3357 10366
3358 10376
3359 10386
3360 10394
3361 10406
3362 10416
3363 10426
3364 10436
3365 10446
3366 10454
3367 10466
3368 10476
3369 10486
3370 10494
3371 10506
3372 10516
3373 10526
3374 10536
3375 10546
3376 10554
3377 10566
3378 10576
3379 10586
3380 10594
3381 10606
3382 10616
3383 10626
3384 10636
3385 10646
3386 10654
3387 10666
3388 10676
3389 10686
3390 10694
3391 10706
3392 10716
3393 10726
3394 10736
3395 10746
3396 10754
3397 10766
3398 10776
3399 10786
3400 10794
3401 10806
3402 10816
3403 10826
3404 10836
3405 10846
3406 10854
3407 10866
3408 10876
3409 10886
3410 10894
3411 10906
3412 10916
3413 10926
3414 10936
3415 10946
3416 10954
3417 10966
3418 10976
3419 10986
3420 10994
3421 11006
3422 11016
3423 11026
3424 11036
3425 11046
3426 11054
3427 11066
3428 11076
3429 11086
3430 11094
3431 11106
3432 11116
3433 11126
3434 11136
3435 11146
3436 11154
3437 11166
3438 11176
3439 11186
3440 11194
3441 11206
3442 11216
3443 11226
3444 11236
3445 11246
3446 11254
3447 11266
3448 11276
3449 11286
3450 11294
3451 11306
3452 11316
3453 11326
3454 11336
3455 11346
3456 11354
3457 11366
3458 11376
3459 11386
3460 11394
3461 11406
3462 11416
3463 11426
3464 11436
3465 11446
3466 11454
3467 11466
3468 11476
3469 11486
3470 11494
3471 11506
3472 11516
3473 11526
3474 11536
3475 11546
3476 11554
3477 11566
3478 11576
3479 11586
3480 11594
3481 11606
3482 11616
3483 11626
3484 11636
3485 11646
3486 11654
3487 11666
3488 11676
3489 11686
3490 11694
3491 11706
3492 11716
3493 11726
3494 11736
3495 11746
3496 11754
3497 11766
3498 11776
3499 11786
3500 11794
3501 11806
3502 11816
3503 11826
3504 11836
3505 11846
3506 11854
3507 11866
3508 11876
3509 11886
3510 11894
3511 11906
3512 11916
3513 11926
3514 11936
3515 11946
3516 11954
3517 11966
3518 11976
3519 11986
3520 11994
3521 12006
3522 12016
3523 12026
3524 12036
3525 12046
3526 12054
3527 12066
3528 12076
3529 12086
3530 12094
3531 12106
3532 12116
3533 12126
3534 12136
3535 12146
3536 12154
3537 12166
3538 12176
3539 12186
3540 12194
3541 12206
3542 12216
3543 12226
3544 12236
3545 12246
3546 12254
3547 12266
3548 12276
3549 12286
3550 12294
3551 12306
3552 12316
3553 12326
3554 12336
3555 12346
3556 12354
3557 12366
3558 12376
3559 12386
3560 12394
3561 12406
3562 12416
3563 12426
3564 12436
3565 12446
3566 12454
3567 12466
3568 12476
3569 12486
3570 12494
3571 12506
3572 12516
3573 12526
3574 12536
3575 12546
3576 12554
3577 12566
3578 12576
3579 12586
3580 12594
3581 12606
3582 12616
3583 12626
3584 12636
3585 12646
3586 12654
3587 12666
3588 12676
3589 12686
3590 12694
3591 12706
3592 12716
3593 12726
3594 12736
3595 12746
3596 12754
3597 12766
3598 12776
3599 12786
3600 12794
3601 12806
3602 12816
3603 12826
3604 12836
3605 12846
3606 12854
3607 12866
3608 12876
3609 12886
3610 12894
3611 12906
3612 12916
3613 12926
3614 12936
3615 12946
3616 12954
3617 12966
3618 12976
3619 12986
3620 12994
3621 13006
3622 13016
3623 13026
3624 13036
3625 13046
3626 13054
3627 13066
3628 13076
3629 13086
3630 13094
3631 13106
3632 13116
3633 13126
3634 13136
3635 13146
3636 13154
3637 13166
3638 13176
3639 13186
3640 13194
3641 13206
3642 13216
3643 13226
3644 13236
3645 13246
3646 13254
3647 13266
3648 13276
3649 13286
3650 13294
3651 13306
3652 13316
3653 13326
3654 13336
3655 13346
3656 13354
3657 13366
3658 13376
3659 13386
3660 13394
3661 13406
3662 13416
3663 13426
3664 13436
3665 13446
3666 13454
3667 13466
3668 13476
3669 13486
3670 13494
3671 13506
3672 13516
3673 13526
3674 13536
3675 13546
3676 13554
3677 13566
3678 13576
3679 13586
3680 13594
3681 13606
3682 13616
3683 13626
3684 13636
3685 13646
3686 13654
3687 13666
3688 13676
3689 13686
3690 13694
3691 13706
3692 13716
3693 13726
3694 13736
3695 13746
3696 13754
3697 13766
3698 13776
3699 13786
3700 13794
3701 13806
3702 13816
3703 13826
3704 13836
3705 13846
3706 13854
3707 13866
3708 13876
3709 13886
3710 13894
3711 13906
3712 13916
3713 13926
3714 13936
3715 13946
3716 13954
3717 13966
3718 13976
3719 13986
3720 13994
3721 14006
3722 14016
3723 14026
3724 14036
3725 14046
3726 14054
3727 14066
3728 14076
3729 14086
3730 14094
3731 14106
3732 14116
3733 14126
3734 14136
3735 14146
3736 14154
3737 14166
3738 14176
3739 14186
3740 14194
3741 14206
3742 14216
3743 14226
3744 14236
3745 14246
3746 14254
3747 14266
3748 14276
3749 14286
3750 14294
3751 14306
3752 14316
3753 14326
3754 14336
3755 14346
3756 14354
3757 14366
3758 14376
3759 14386
3760 14394
3761 14406
3762 14416
3763 14426
3764 14436
3765 14446
3766 14454
3767 14466
3768 14476
3769 14486
3770 14494
3771 14506
3772 14516
3773 14526
3774 14536
3775 14546
3776 14554
3777 14566
3778 14576
3779 14586
3780 14594
3781 14606
3782 14616
3783 14626
3784 14636
3785 14646
3786 14654
3787 14666
3788 14676
3789 14686
3790 14694
3791 14706
3792 14716
3793 14726
3794 14736
3795 14746
3796 14754
3797 14766
3798 14776
3799 14786
3800 14794
3801 14806
3802 14816
3803 14826
3804 14836
3805 14846
3806 14854
3807 14866
3808 14876
3809 14886
3810 14894
3811 14906
3812 14916
3813 14926
3814 14936
3815 14946
3816 14954
3817 14966
3818 14976
3819 14986
3820 14994
3821 15006
3822 15016
3823 15026
3824 15036
3825 15046
3826 15054
3827 15066
3828 15076
3829 15086
3830 15094
3831 15106
3832 15116
3833 15126
3834 15136
3835 15146
3836 15154
3837 15166
3838 15176
3839 15186
3840 15194
3841 15206
3842 15216
3843 15226
3844 15236
3845 15246
3846 15254
3847 15266
3848 15276
3849 15286
3850 15294
3851 15306
3852 15316
3853 15326
3854 15336
3855 15346
3856 15354
3857 15366
3858 15376
3859 15386
3860 15394
3861 15406
3862 15416
3863 15426
3864 15436
3865 15446
3866 15454
3867 15466
3868 15476
3869 15486
3870 15494
3871 15506
3872 15516
3873 15526
3874 15536
3875 15546
3876 15554
3877 15566
3878 15576
3879 15586
3880 15594
3881 15606
3882 15616
3883 15626
3884 15636
3885 15646
3886 15654
3887 15666
3888 15676
3889 15686
3890 15694
3891 15706
3892 15716
3893 15726
3894 15736
3895 15746
3896 15754
3897 15766
3898 15776
3899 15786
3900 15794
3901 15806
3902 15816
3903 15826
3904 15836
3905 15846
3906 15854
3907 15866
3908 15876
3909 15886
3910 15894
3911 15906
3912 15916
3913 15926
3914 15936
3915 15946
3916 15954
3917 15966
3918 15976
3919 15986
3920 15994
3921 16006
3922 16016
3923 16026
3924 16036
3925 16046
3926 16054
3927 16066
3928 16076
3929 16086
3930 16094
3931 16106
3932 16116
3933 16126
3934 16136
3935 16146
3936 16154
3937 16166
3938 16176
3939 16186
3940 16194
3941 16206
3942 16216
3943 16226
3944 16236
3945 16246
3946 16254
3947 16266
3948 16276
3949 16286
3950 16294
3951 16306
3952 16316
3953 16326
3954 16336
3955 16346
3956 16354
3957 16366
3958 16376
3959 16386
3960 16394
3961 16406
3962 16416
3963 16426
3964 16436
3965 16446
3966 16454
3967 16466
3968 16476
3969 16486
3970 16494
3971 16506
3972 16516
3973 16526
3974 16536
3975 16546
3976 16554
3977 16566
3978 16576
3979 16586
3980 16594
3981 16606
3982 16616
3983 16626
3984 16636
3985 16646
3986 16654
3987 16666
3988 16676
3989 16686
3990 16694
3991 16706
3992 16716
3993 16726
3994 16736
3995 16746
3996 16754
3997 16766
3998 16776
3999 16786
4000 16794
4001 16806
4002 16816
4003 16826
4004 16836
4005 16846
4006 16854
4007 16866
4008 16876
4009 16886
4010 16894
4011 16906
4012 16916
4013 16926
4014 16936
4015 16946
4016 16954
4017 16966
4018 16976
4019 16986
4020 16994
4021 17006
4022 17016
4023 17026
4024 17036
4025 17046
4026 17054
4027 17066
4028 17076
4029 17086
4030 17094
4031 17106
4032 17116
4033 17126
4034 17136
4035 17146
4036 17154
4037 17166
4038 17176
4039 17186
4040 17194
4041 17206
4042 17216
4043 17226
4044 17236
4045 17246
4046 17254
4047 17266
4048 17276
4049 17286
4050 17294
4051 17306
4052 17316
4053 17326
4054 17336
4055 17346
4056 17354
4057 17366
4058 17376
4059 17386
4060 17394
4061 17406
4062 17416
4063 17426
4064 17436
4065 17446
4066 17454
4067 17466
4068 17476
4069 17486
4070 17494
4071 17506
4072 17516
4073 17526
4074 17536
4075 17546
4076 17554
4077 17566
4078 17576
4079 17586
4080 17594
4081 17606
4082 17616
4083 17626
4084 17636
4085 17646
4086 17654
4087 17666
4088 17676
4089 17686
4090 17694
4091 17706
4092 17716
4093 17726
4094 17736
4095 17746
4096 17754
4097 17766
4098 17776
4099 17786
4100 17794
4101 17806
4102 17816
4103 17826
4104 17836
4105 17846
4106 17854
4107 17866
4108 17876
4109 17886
4110 17894
4111 17906
4112 17916
4113 17926
4114 17936
4115 17946
4116 17954
4117 17966
4118 17976
4119 17986
4120 17994
4121 18006
4122 18016
4123 18026
4124 18036
4125 18046
4126 18054
4127 18066
4128 18076
4129 18086
4130 18094
4131 18106
4132 18116
4133 18126
4134 18136
4135 18146
4136 18154
4137 18166
4138 18176
4139 18186
4140 18194
4141 18206
4142 18216
4143 18226
4144 18236
4145 18246
4146 18254
4147 18266
4148 18276
4149 18286
4150 18294
4151 18306
4152 18316
4153 18326
4154 18336
4155 18346
4156 18354
4157 18366
4158 18376
4159 18386
4160 18394
4161 18406
4162 18416
4163 18426
4164 18436
4165 18446
4166 18454
4167 18466
4168 18476
4169 18486
4170 18494
4171 18506
4172 18516
4173 18526
4174 18536
4175 18546
4176 18554
4177 18566
4178 18576
4179 18586
4180 18594
4181 18606
4182 18616
4183 18626
4184 18636
4185 18646
4186 18654
4187 18666
4188 18676
4189 18686
4190 18694
4191 18706
4192 18716
4193 18726
4194 18736
4195 18746
4196 18754
4197 18766
4198 18776
4199 18786
4200 18794
4201 18806
4202 18816
4203 18826
4204 18836
4205 18846
4206 18854
4207 18866
4208 18876
4209 18886
4210 18894
4211 18906
4212 18916
4213 18926
4214 18936
4215 18946
4216 18954
4217 18966
4218 18976
4219 18986
4220 18994
4221 19006
4222 19016
4223 19026
4224 19036
4225 19046
4226 19054
4227 19066
4228 19076
4229 19086
4230 19094
4231 19106
4232 19116
4233 19126
4234 19136
4235 19146
4236 19154
4237 19166
4238 19176
4239 19186
4240 19194
4241 19206
4242 19216
4243 19226
4244 19236
4245 19246
4246 19254
4247 19266
4248 19276
4249 19286
4250 19294
4251 19306
4252 19316
4253 19326
4254 19336
4255 19346
4256 19354
4257 19366
4258 19376
4259 19386
4260 19394
4261 19406
4262 19416
4263 19426
4264 19436
4265 19446
4266 19454
4267 19466
4268 19476
4269 19486
4270 19494
4271 19506
4272 19516
4273 19526
4274 19536
4275 19546
4276 19554
4277 19566
4278 19576
4279 19586
4280 19594
4281 19606
4282 19616
4283 19626
4284 19636
4285 19646
4286 19654
4287 19666
4288 19676
4289 19686
4290 19694
4291 19706
4292 19716
4293 19726
4294 19736
4295 19746
4296 19754
4297 19766
4298 19776
4299 19786
4300 19794
4301 19806
4302 19816
4303 19826
4304 19836
4305 19846
4306 19854
4307 19866
4308 19876
4309 19886
4310 19894
4311 19906
4312 19916
4313 19926
4314 19936
4315 19946
4316 19954
4317 19966
4318 19976
4319 19986
4320 19994
4321 20006
4322 20016
4323 20026
4324 20036
4325 20046
4326 20054
4327 20066
4328 20076
4329 20086
4330 20094
4331 20106
4332 20116
4333 20126
4334 20136
4335 20146
4336 20154
4337 20166
4338 20176
4339 20186
4340 20194
4341 20206
4342 20216
4343 20226
4344 20236
4345 20246
4346 20254
4347 20266
4348 20276
4349 20286
4350 20294
4351 20306
4352 20316
4353 20326
4354 20336
4355 20346
4356 20354
4357 20366
4358 20376
4359 20386
4360 20394
4361 20406
4362 20416
4363 20426
4364 20436
4365 20446
4366 20454
4367 20466
4368 20476
4369 20486
4370 20494
4371 20506
4372 20516
4373 20526
4374 20536
4375 20546
4376 20554
4377 20566
4378 20576
4379 20586
4380 20594
4381 20606
4382 20616
4383 20626
4384 20636
4385 20646
4386 20654
4387 20666
4388 20676
4389 20686
4390 20694
4391 20706
4392 20716
4393 20726
4394 20736
4395 20746
4396 20754
4397 20766
4398 20776
4399 20786
4400 20794
4401 20806
4402 20816
4403 20826
4404 20836
4405 20846
4406 20854
4407 20866
4408 20876
4409 20886
4410 20894
4411 20906
4412 20916
4413 20926
4414 20936
4415 20946
4416 20954
4417 20966
4418 20976
4419 20986
4420 20994
4421 21006
4422 21016
4423 21026
4424 21036
4425 21046
4426 21054
4427 21066
4428 21076
4429 21086
4430 21094
4431 21106
4432 21116
4433 21126
4434 21136
4435 21146
4436 21154
4437 21166
4438 21176
4439 21186
4440 21194
4441 21206
4442 21216
4443 21226
4444 21236
4445 21246
4446 21254
4447 21266
4448 21276
4449 21286
4450 21294
4451 21306
4452 21316
4453 21326
4454 21336
4455 21346
4456 21354
4457 21366
4458 21376
4459 21386
4460 21394
4461 21406
4462 21416
4463 21426
4464 21436
4465 21446
4466 21454
4467 21466
4468 21476
4469 21486
4470 21494
4471 21506
4472 21516
4473 21526
4474 21536
4475 21546
4476 21554
4477 21566
4478 21576
4479 21586
4480 21594
4481 21606
4482 21616
4483 21626
4484 21636
4485 21646
4486 21654
4487 21666
4488 21676
4489 21686
4490 21694
4491 21706
4492 21716
4493 21726
4494 21736
4495 21746
4496 21754
4497 21766
4498 21776
4499 21786
4500 21794
4501 21806
4502 21816
4503 21826
4504 21836
4505 21846
4506 21854
4507 21866
4508 21876
4509 21886
4510 21894
4511 21906
4512 21916
4513 21926
4514 21936
4515 21946
4516 21954
4517 21966
4518 21976
4519 21986
4520 21994
4521 22006
4522 22016
4523 22026
4524 22036
4525 22046
4526 22054
4527 22066
4528 22076
4529 22086
4530 22094
4531 22106
4532 22116
4533 22126
4534 22136
4535 22146
4536 22154
4537 22166
4538 22176
4539 22186
4540 22194
4541 22206
4542 22216
4543 22226
4544 22236
4545 22246
4546 22254
4547 22266
4548 22276
4549 22286
4550 22294
4551 22306
4552 22316
4553 22326
4554 22336
4555 22346
4556 22354
4557 22366
4558 22376
4559 22386
4560 22394
4561 22406
4562 22416
4563 22426
4564 22436
4565 22446
4566 22454
4567 22466
4568 22476
4569 22486
4570 22494
4571 22506
4572 22516
4573 22526
4574 22536
4575 22546
4576 22554
4577 22566
4578 22576
4579 22586
4580 22594
4581 22606
4582 22616
4583 22626
4584 22636
4585 22646
4586 22654
4587 22666
4588 22676
4589 22686
4590 22694
4591 22706
4592 22716
4593 22726
4594 22736
4595 22746
4596 22754
4597 22766
4598 22776
4599 22786
4600 22794
4601 22806
4602 22816
4603 22826
4604 22836
4605 22846
4606 22854
4607 22866
4608 22876
4609 22886
4610 22894
4611 22906
4612 22916
4613 22926
4614 22936
4615 22946
4616 22954
4617 22966
4618 22976
4619 22986
4620 22994
4621 23006
4622 23016
4623 23026
4624 23036
4625 23046
4626 23054
4627 23066
4628 23076
4629 23086
4630 23094
4631 23106
4632 23116
4633 23126
4634 23136
4635 23146
4636 23154
4637 23166
4638 23176
4639 23186
4640 23194
4641 23206
4642 23216
4643 23226
4644 23236
4645 23246
4646 23254
4647 23266
4648 23276
4649 23286
4650 23294
4651 23306
4652 23316
4653 23326
4654 23336
4655 23346
4656 23354
4657 23366
4658 23376
4659 23386
4660 23394
4661 23406
4662 23416
4663 23426
4664 23436
4665 23446
4666 23454
4667 23466
4668 23476
4669 23486
4670 23494
4671 23506
4672 23516
4673 23526
4674 23536
4675 23546
4676 23554
4677 23566
4678 23576
4679 23586
4680 23594
4681 23606
4682 23616
4683 23626
4684 23636
4685 23646
4686 23654
4687 23666
4688 23676
4689 23686
4690 23694
4691 23706
4692 23716
4693 23726
4694 23736
4695 23746
4696 23754
4697 23766
4698 23776
4699 23786
4700 23794
4701 23806
4702 23816
4703 23826
4704 23836
4705 23846
4706 23854
4707 23866
4708 23876
4709 23886
4710 23894
4711 23906
4712 23916
4713 23926
4714 23936
4715 23946
4716 23954
4717 23966
4718 23976
4719 23986
4720 23994
4721 24006
4722 24016
4723 24026
4724 24036
4725 24046
4726 24054
4727 24066
4728 24076
4729 24086
4730 24094
4731 24106
4732 24116
4733 24126
4734 24136
4735 24146
4736 24154
4737 24166
4738 24176
4739 24186
4740 24194
4741 24206
4742 24216
4743 24226
4744 24236
4745 24246
4746 24254
4747 24266
4748 24276
4749 24286
4750 24294
4751 24306
4752 24316
4753 24326
4754 24336
4755 24346
4756 24354
4757 24366
4758 24376
4759 24386
4760 24394
4761 24406
4762 24416
4763 24426
4764 24436
4765 24446
4766 24454
4767 24466
4768 24476
4769 24486
4770 24494
4771 24506
4772 24516
4773 24526
4774 24536
4775 24546
4776 24554
4777 24566
4778 24576
4779 24586
4780 24594
4781 24606
4782 24616
4783 24626
4784 24636
4785 24646
4786 24654
4787 24666
4788 24676
4789 24686
4790 24694
4791 24706
4792 24716
4793 24726
4794 24736
4795 24746
4796 24754
4797 24766
4798 24776
4799 24786
4800 24794
4801 24806
4802 24816
4803 24826
4804 24836
4805 24846
4806 24854
4807 24866
4808 24876
4809 24886
4810 24894
4811 24906
4812 24916
4813 24926
4814 24936
4815 24946
4816 24954
4817 24966
4818 24976
4819 24986
4820 24994
4821 25006
4822 25016
4823 25026
4824 25036
4825 25046
4826 25054
4827 25066
4828 25076
4829 25086
4830 25094
4831 25106
4832 25116
4833 25126
4834 25136
4835 25146
4836 25154
4837 25166
4838 25176
4839 25186
4840 25194
4841 25206
4842 25216
4843 25226
4844 25236
4845 25246
4846 25254
4847 25266
4848 25276
4849 25286
4850 25294
4851 25306
4852 25316
4853 25326
4854 25336
4855 25346
4856 25354
4857 25366
4858 25376
4859 25386
4860 25394
4861 25406
4862 25416
4863 25426
4864 25436
4865 25446
4866 25454
4867 25466
4868 25476
4869 25486
4870 25494
4871 25506
4872 25516
4873 25526
4874 25536
4875 25546
4876 25554
4877 25566
4878 25576
4879 25586
4880 25594
4881 25606
4882 25616
4883 25626
4884 25636
4885 25646
4886 25654
4887 25666
4888 25676
4889 25686
4890 25694
4891 25706
4892 25716
4893 25726
4894 25736
4895 25746
4896 25754
4897 25766
4898 25776
4899 25786
4900 25794
4901 25806
4902 25816
4903 25826
4904 25836
4905 25846
4906 25854
4907 25866
4908 25876
4909 25886
4910 25894
4911 25906
4912 25916
4913 25926
4914 25936
4915 25946
4916 25954
4917 25966
4918 25976
4919 25986
4920 25994
4921 26006
4922 26016
4923 26026
4924 26036
4925 26046
4926 26054
4927 26066
4928 26076
4929 26086
4930 26094
4931 26106
4932 26116
4933 26126
4934 26136
4935 26146
4936 26154
4937 26166
4938 26176
4939 26186
4940 26194
4941 26206
4942 26216
4943 26226
4944 26236
4945 26246
4946 26254
4947 26266
4948 26276
4949 26286
4950 26294
4951 26306
4952 26316
4953 26326
4954 26336
4955 26346
4956 26354
4957 26366
4958 26376
4959 26386
4960 26394
4961 26406
4962 26416
4963 26426
4964 26436
4965 26446
4966 26454
4967 26466
4968 26476
4969 26486
4970 26494
4971 26506
4972 26516
4973 26526
4974 26536
4975 26546
4976 26554
4977 26566
4978 26576
4979 26586
4980 26594
4981 26606
4982 26616
4983 26626
4984 26636
4985 26646
4986 26654
4987 26666
4988 26676
4989 26686
4990 26694
4991 26706
4992 26716
4993 26726
4994 26736
4995 26746
4996 26754
4997 26766
4998 26776
4999 26786
5000 26794
5001 26806
5002 26816
5003 26826
5004 26836
5005 26846
5006 26854
5007 26866
5008 26876
5009 26886
5010 26894
5011 26906
5012 26916
5013 26926
5014 26936
5015 26946
5016 26954
5017 26966
5018 26976
5019 26986
5020 26994
5021 27006
5022 27016
5023 27026
5024 27036
5025 27046
5026 27054
5027 27066
5028 27076
5029 27086
5030 27094
5031 27106
5032 27116
5033 27126
5034 27136
5035 27146
5036 27154
5037 27166
5038 27176
5039 27186
5040 27194
5041 27206
5042 27216
5043 27226
5044 27236
5045 27246
5046 27254
5047 27266
5048 27276
5049 27286
5050 27294
5051 27306
5052 27316
5053 27326
5054 27336
5055 27346
5056 27354
5057 27366
5058 27376
5059 27386
5060 27394
5061 27406
5062 27416
5063 27426
5064 27436
5065 27446
5066 27454
5067 27466
5068 27476
5069 27486
5070 27494
5071 27506
5072 27516
5073 27526
5074 27536
5075 27546
5076 27554
5077 27566
5078 27576
5079 27586
5080 27594
5081 27606
5082 27616
5083 27626
5084 27636
5085 27646
5086 27654
5087 27666
5088 27676
5089 27686
5090 27694
5091 27706
5092 27716
5093 27726
5094 27736
5095 27746
5096 27754
5097 27766
5098 27776
5099 27786
5100 27794
5101 27806
5102 27816
5103 27826
5104 27836
5105 27846
5106 27854
5107 27866
5108 27876
5109 27886
5110 27894
5111 27906
5112 27916
5113 27926
5114 27936
5115 27946
5116 27954
5117 27966
5118 27976
5119 27986
5120 27994
5121 28006
5122 28016
5123 28026
5124 28036
5125 28046
5126 28054
5127 28066
5128 28076
5129 28086
5130 28094
5131 28106
5132 28116
5133 28126
5134 28136
5135 28146
5136 28154
5137 28166
5138 28176
5139 28186
5140 28194
5141 28206
5142 28216
5143 28226
5144 28236
5145 28246
5146 28254
5147 28266
5148 28276
5149 28286
5150 28294
5151 28306
5152 28316
5153 28326
5154 28336
5155 28346
5156 28354
5157 28366
5158 28376
5159 28386
5160 28394
5161 28406
5162 28416
5163 28426
5164 28436
5165 28446
5166 28454
5167 28466
5168 28476
5169 28486
5170 28494
5171 28506
5172 28516
5173 28526
5174 28536
5175 28546
5176 28554
5177 28566
5178 28576
5179 28586
5180 28594
5181 28606
5182 28616
5183 28626
5184 28636
5185 28646
5186 28654
5187 28666
5188 28676
5189 28686
5190 28694
5191 28706
5192 28716
5193 28726
5194 28736
5195 28746
5196 28754
5197 28766
5198 28776
5199 28786
5200 28794
5201 28806
5202 28816
5203 28826
5204 28836
5205 28846
5206 28854
5207 28866
5208 28876
5209 28886
5210 28894
5211 28906
5212 28916
5213 28926
5214 28936
5215 28946
5216 28954
5217 28966
5218 28976
5219 28986
5220 28994
5221 29006
5222 29016
5223 29026
5224 29036
5225 29046
5226 29054
5227 29066
5228 29076
5229 29086
5230 29094
5231 29106
5232 29116
5233 29126
5234 29136
5235 29146
5236 29154
5237 29166
5238 29176
5239 29186
5240 29194
5241 29206
5242 29216
5243 29226
5244 29236
5245 29246
5246 29254
5247 29266
5248 29276
5249 29286
5250 29294
5251 29306
5252 29316
5253 29326
5254 29336
5255 29346
5256 29354
5257 29366
5258 29376
5259 29386
5260 29394
5261 29406
5262 29416
5263 29426
5264 29436
5265 29446
5266 29454
5267 29466
5268 29476
5269 29486
5270 29494
5271 29506
5272 29516
5273 29526
5274 29536
5275 29546
5276 29554
5277 29566
5278 29576
5279 29586
5280 29594
5281 29606
5282 29616
5283 29626
5284 29636
5285 29646
5286 29654
5287 29666
5288 29676
5289 29686
5290 29694
5291 29706
5292 29716
5293 29726
5294 29736
5295 29746
5296 29754
5297 29766
5298 29776
5299 29786
5300 29794
5301 29806
5302 29816
5303 29826
5304 29836
5305 29846
5306 29854
5307 29866
5308 29876
5309 29886
5310 29894
5311 29906
5312 29916
5313 29926
5314 29936
5315 29946
5316 29954
5317 29966
5318 29976
5319 29986
5320 29994
5321 30006
5322 30016
5323 30026
5324 30036
5325 30046
5326 30054
5327 30066
5328 30076
5329 30086
5330 30094
5331 30106
5332 30116
5333 30126
5334 30136
5335 30146
5336 30154
5337 30166
5338 30176
5339 30186
5340 30194
5341 30206
5342 30216
5343 30226
5344 30236
5345 30246
5346 30254
5347 30266
5348 30276
5349 30286
5350 30294
5351 30306
5352 30316
5353 30326
5354 30336
5355 30346
5356 30354
5357 30366
5358 30376
5359 30386
5360 30394
5361 30406
5362 30416
5363 30426
5364 30436
5365 30446
5366 30454
5367 30466
5368 30476
5369 30486
5370 30494
5371 30506
5372 30516
5373 30526
5374 30536
5375 30546
5376 30554
5377 30566
5378 30576
5379 30586
5380 30594
5381 30606
5382 30616
5383 30626
5384 30636
5385 30646
5386 30654
5387 30666
5388 30676
5389 30686
5390 30694
5391 30706
5392 30716
5393 30726
5394 30736
5395 30746
5396 30754
5397 30766
5398 30776
5399 30786
5400 30794
5401 30806
5402 30816
5403 30826
5404 30836
5405 30846
5406 30854
5407 30866
5408 30876
5409 30886
5410 30894
5411 30906
5412 30916
5413 30926
5414 30936
5415 30946
5416 30954
5417 30966
5418 30976
5419 30986
5420 30994
5421 31006
5422 31016
5423 31026
5424 31036
5425 31046
5426 31054
5427 31066
5428 31076
5429 31086
5430 31094
5431 31106
5432 31116
5433 31126
5434 31136
5435 31146
5436 31154
5437 31166
5438 31176
5439 31186
5440 31194
5441 31206
5442 31216
5443 31226
5444 31236
5445 31246
5446 31254
5447 31266
5448 31276
5449 31286
5450 31294
5451 31306
5452 31316
5453 31326
5454 31336
5455 31346
5456 31354
5457 31366
5458 31376
5459 31386
5460 31394
5461 31406
5462 31416
5463 31426
5464 31436
5465 31446
5466 31454
5467 31466
5468 31476
5469 31486
5470 31494
5471 31506
5472 31516
5473 31526
5474 31536
5475 31546
5476 31554
5477 31566
5478 31576
5479 31586
5480 31594
5481 31606
5482 31616
5483 31626
5484 31636
5485 31646
5486 31654
5487 31666
5488 31676
5489 31686
5490 31694
5491 31706
5492 31716
5493 31726
5494 31736
5495 31746
5496 31754
5497 31766
5498 31776
5499 31786
5500 31794
5501 31806
5502 31816
5503 31826
5504 31836
5505 31846
5506 31854
5507 31866
5508 31876
5509 31886
5510 31894
5511 31906
5512 31916
5513 31926
5514 31936
5515 31946
5516 31954
5517 31966
5518 31976
5519 31986
5520 31994
5521 32006
5522 32016
5523 32026
5524 32036
5525 32046
5526 32054
5527 32066
5528 32076
5529 32086
5530 32094
5531 32106
5532 32116
5533 32126
5534 32136
5535 32146
5536 32154
5537 32166
5538 32176
5539 32186
5540 32194
5541 32206
5542 32216
5543 32226
5544 32236
5545 32246
5546 32254
5547 32266
5548 32276
5549 32286
5550 32294
5551 32306
5552 32316
5553 32326
5554 32336
5555 32346
5556 32354
5557 32366
5558 32376
5559 32386
5560 32394
5561 32406
5562 32416
5563 32426
5564 32436
5565 32446
5566 32454
5567 32466
5568 32476
5569 32486
5570 32494
5571 32506
5572 32516
5573 32526
5574 32536
5575 32546
5576 32554
5577 32566
5578 32576
5579 32586
5580 32594
5581 32606
5582 32616
5583 32626
5584 32636
5585 32646
5586 32654
5587 32666
5588 32676
5589 32686
5590 32694
5591 32706
5592 32716
5593 32726
5594 32736
5595 32746
5596 32754
5597 32766
5598 32776
5599 32786
5600 32794
5601 32806
5602 32816
5603 32826
5604 32836
5605 32846
5606 32854
5607 32866
5608 32876
5609 32886
5610 32894
5611 32906
5612 32916
5613 32926
5614 32936
5615 32946
5616 32954
5617 32966
5618 32976
5619 32986
5620 32994
5621 33006
5622 33016
5623 33026
5624 33036
5625 33046
5626 33054
5627 33066
5628 33076
5629 33086
5630 33094
5631 33106
5632 33116
5633 33126
5634 33136
5635 33146
5636 33154
5637 33166
5638 33176
5639 33186
5640 33194
5641 33206
5642 33216
5643 33226
5644 33236
5645 33246
5646 33254
5647 33266
5648 33276
5649 33286
5650 33294
5651 33306
5652 33316
5653 33326
5654 33336
5655 33346
5656 33354
5657 33366
5658 33376
5659 33386
5660 33394
5661 33406
5662 33416
5663 33426
5664 33436
5665 33446
5666 33454
5667 33466
5668 33476
5669 33486
5670 33494
5671 33506
5672 33516
5673 33526
5674 33536
5675 33546
5676 33554
5677 33566
5678 33576
5679 33586
5680 33594
5681 33606
5682 33616
5683 33626
5684 33636
5685 33646
5686 33654
5687 33666
5688 33676
5689 33686
5690 33694
5691 33706
5692 33716
5693 33726
5694 33736
5695 33746
5696 33754
5697 33766
5698 33776
5699 33786
5700 33794
5701 33806
5702 33816
5703 33826
5704 33836
5705 33846
5706 33854
5707 33866
5708 33876
5709 33886
5710 33894
5711 33906
5712 33916
5713 33926
5714 33936
5715 33946
5716 33954
5717 33966
5718 33976
5719 33986
5720 33994
5721 34006
5722 34016
5723 34026
5724 34036
5725 34046
5726 34054
5727 34066
5728 34076
5729 34086
5730 34094
5731 34106
5732 34116
5733 34126
5734 34136
5735 34146
5736 34154
5737 34166
5738 34176
5739 34186
5740 34194
5741 34206
5742 34216
5743 34226
5744 34236
5745 34246
5746 34254
5747 34266
5748 34276
5749 34286
5750 34294
5751 34306
5752 34316
5753 34326
5754 34336
5755 34346
5756 34354
5757 34366
5758 34376
5759 34386
5760 34394
5761 34406
5762 34416
5763 34426
5764 34436
5765 34446
5766 34454
5767 34466
5768 34476
5769 34486
5770 34494
5771 34506
5772 34516
5773 34526
5774 34536
5775 34546
5776 34554
5777 34566
5778 34576
5779 34586
5780 34594
5781 34606
5782 34616
5783 34626
5784 34636
5785 34646
5786 34654
5787 34666
5788 34676
5789 34686
5790 34694
5791 34706
5792 34716
5793 34726
5794 34736
5795 34746
5796 34754
5797 34766
5798 34776
5799 34786
5800 34794
5801 34806
5802 34816
5803 34826
5804 34836
5805 34846
5806 34854
5807 34866
5808 34876
5809 34886
5810 34894
5811 34906
5812 34916
5813 34926
5814 34936
5815 34946
5816 34954
5817 34966
5818 34976
5819 34986
5820 34994
5821 35006
5822 35016
5823 35026
5824 35036
5825 35046
5826 35054
5827 35066
5828 35076
5829 35086
5830 35094
5831 35106
5832 35116
5833 35126
5834 35136
5835 35146
5836 35154
5837 35166
5838 35176
5839 35186
5840 35194
5841 35206
5842 35216
5843 35226
5844 35236
5845 35246
5846 35254
5847 35266
5848 35276
5849 35286
5850 35294
5851 35306
5852 35316
5853 35326
5854 35336
5855 35346
5856 35354
5857 35366
5858 35376
5859 35386
5860 35394
5861 35406
5862 35416
5863 35426
5864 35436
5865 35446
5866 35454
5867 35466
5868 35476
5869 35486
5870 35494
5871 35506
5872 35516
5873 35526
5874 35536
5875 35546
5876 35554
5877 35566
5878 35576
5879 35586
5880 35594
5881 35606
5882 35616
5883 35626
5884 35636
5885 35646
5886 35654
5887 35666
5888 35676
5889 35686
5890 35694
5891 35706
5892 35716
5893 35726
5894 35736
5895 35746
5896 35754
5897 35766
5898 35776
5899 35786
5900 35794
5901 35806
5902 35816
5903 35826
5904 35836
5905 35846
5906 35854
5907 35866
5908 35876
5909 35886
5910 35894
5911 35906
5912 35916
5913 35926
5914 35936
5915 35946
5916 35954
5917 35966
5918 35976
5919 35986
5920 35994
5921 36006
5922 36016
5923 36026
5924 36036
5925 36046
5926 36054
5927 36066
5928 36076
5929 36086
5930 36094
5931 36106
5932 36116
5933 36126
5934 36136
5935 36146
5936 36154
5937 36166
5938 36176
5939 36186
5940 36194
5941 36206
5942 36216
5943 36226
5944 36236
5945 36246
5946 36254
5947 36266
5948 36276
5949 36286
5950 36294
5951 36306
5952 36316
5953 36326
5954 36336
5955 36346
5956 36354
5957 36366
5958 36376
